01234567890123456789012345678901234567890123456789012345678901234567890123456789
12345678901234567890123456789012345678901234567890123456789012345678901234567890
23456789012345678901234567890123456789012345678901234567890123456789012345678901
34567890123456789012345678901234567890123456789012345678901234567890123456789012
45678901234567890123456789012345678901234567890123456789012345678901234567890123
56789012345678901234567890123456789012345678901234567890123456789012345678901234
67890123456789012345678901234567890123456789012345678901234567890123456789012345
78901234567890123456789012345678901234567890123456789012345678901234567890123456
89012345678901234567890123456789012345678901234567890123456789012345678901234567
90123456789012345678901234567890123456789012345678901234567890123456789012345678

0

01234567890123456789012345678901234567890123456789012345678901234567890123456789
12345678901234567890123456789012345678901234567890123456789012345678901234567890
23456789012345678901234567890123456789012345678901234567890123456789012345678901
34567890123456789012345678901234567890123456789012345678901234567890123456789012
45678901234567890123456789012345678901234567890123456789012345678901234567890123
56789012345678901234567890123456789012345678901234567890123456789012345678901234
67890123456789012345678901234567890123456789012345678901234567890123456789012345
78901234567890123456789012345678901234567890123456789012345678901234567890123456
89012345678901234567890123456789012345678901234567890123456789012345678901234567
90123456789012345678901234567890123456789012345678901234567890123456789012345678

1

01234567890123456789012345678901234567890123456789012345678901234567890123456789
12345678901234567890123456789012345678901234567890123456789012345678901234567890
23456789012345678901234567890123456789012345678901234567890123456789012345678901
34567890123456789012345678901234567890123456789012345678901234567890123456789012
45678901234567890123456789012345678901234567890123456789012345678901234567890123
56789012345678901234567890123456789012345678901234567890123456789012345678901234
67890123456789012345678901234567890123456789012345678901234567890123456789012345
78901234567890123456789012345678901234567890123456789012345678901234567890123456
89012345678901234567890123456789012345678901234567890123456789012345678901234567
90123456789012345678901234567890123456789012345678901234567890123456789012345678

2

01234567890123456789012345678901234567890123456789012345678901234567890123456789
12345678901234567890123456789012345678901234567890123456789012345678901234567890
23456789012345678901234567890123456789012345678901234567890123456789012345678901
34567890123456789012345678901234567890123456789012345678901234567890123456789012
45678901234567890123456789012345678901234567890123456789012345678901234567890123
56789012345678901234567890123456789012345678901234567890123456789012345678901234
67890123456789012345678901234567890123456789012345678901234567890123456789012345
78901234567890123456789012345678901234567890123456789012345678901234567890123456
89012345678901234567890123456789012345678901234567890123456789012345678901234567
90123456789012345678901234567890123456789012345678901234567890123456789012345678

3

01234567890123456789012345678901234567890123456789012345678901234567890123456789
12345678901234567890123456789012345678901234567890123456789012345678901234567890
23456789012345678901234567890123456789012345678901234567890123456789012345678901
34567890123456789012345678901234567890123456789012345678901234567890123456789012
45678901234567890123456789012345678901234567890123456789012345678901234567890123
56789012345678901234567890123456789012345678901234567890123456789012345678901234
67890123456789012345678901234567890123456789012345678901234567890123456789012345
78901234567890123456789012345678901234567890123456789012345678901234567890123456
89012345678901234567890123456789012345678901234567890123456789012345678901234567
90123456789012345678901234567890123456789012345678901234567890123456789012345678

4

01234567890123456789012345678901234567890123456789012345678901234567890123456789
12345678901234567890123456789012345678901234567890123456789012345678901234567890
23456789012345678901234567890123456789012345678901234567890123456789012345678901
34567890123456789012345678901234567890123456789012345678901234567890123456789012
45678901234567890123456789012345678901234567890123456789012345678901234567890123
56789012345678901234567890123456789012345678901234567890123456789012345678901234
67890123456789012345678901234567890123456789012345678901234567890123456789012345
78901234567890123456789012345678901234567890123456789012345678901234567890123456
89012345678901234567890123456789012345678901234567890123456789012345678901234567
90123456789012345678901234567890123456789012345678901234567890123456789012345678

5
